4.8726659267511545 , 10.827073028666318 , -2.8069569663377605 , 0.4600077047729607 , 0
4.986167540462814 , 8.444416144413815 , -1.8998194101174755 , -0.4254178478625561 , 0
5.056302359749505 , -1.0218497400065307 , 3.181783601193283 , 2.162108500105474 , 0
4.0699566999849575 , 12.157152754729477 , -3.9290371715780967 , -1.582997398511424 , 0
4.84311452039789 , 4.688969599396703 , 1.1500408039792132 , 1.1585144649085977 , 0
4.494433746843871 , -3.9052152156213484 , 9.403872693169134 , 1.4748078700487137 , 0
6.619067569040214 , -0.02277996027886342 , 2.649732548660115 , 0.9800743223663412 , 0
3.913491302562725 , 11.360527478244782 , -2.6964593993187207 , 0.6909028739851881 , 0
7.550168434048918 , -1.7900040478061685 , 5.56523128501243 , 2.4236469077047733 , 0
4.731402816995557 , 5.568477006536845 , 0.42644483672465305 , 2.836622930110171 , 0
8.753283038600587 , 10.13469710123156 , -1.7782680814087133 , 1.8807579775629462 , 0
0.6388780193037726 , -3.1115196167847845 , 7.29758674121288 , -0.10795754410244174 , 0
4.7995259192472055 , 10.552285690414891 , -3.7653990443731176 , -1.9806933943138718 , 0
5.0686845684896795 , 10.683640062040018 , -3.204780625155811 , -3.5882124401797646 , 0
2.4280527967349808 , -5.05791407920713 , 10.104716232291883 , -0.7722249351959958 , 0
1.450203326347064 , -2.499132142589879 , 7.660900611275276 , 0.6067578317359203 , 0
-0.23227963375706018 , 9.99858887594966 , 4.153783942907291 , -2.1958326371221935 , 0
9.397084400723905 , 11.578364958236936 , -1.7010944364788787 , -2.8133759249453205 , 0
3.1059291413158743 , 8.44167364487613 , 0.7266204999035155 , -0.19661740990805177 , 0
6.411425792305045 , 1.8565176033454063 , 3.8801362806075024 , 2.9542639283757257 , 0
7.21781845443408 , 5.063916563564898 , 0.14732731924814946 , 1.3432250342495675 , 0
4.980883814912998 , 11.409658776658514 , -1.7381263327298653 , 2.297530152164456 , 0
1.784124489831382 , 11.085787424604415 , -3.3601621437009097 , -3.961832097230837 , 0
4.205836482837283 , 8.652768998038104 , 0.4306904013410944 , 1.195110949045123 , 0
4.794438602885492 , 8.346838592768322 , 0.49243097244365086 , -0.3619651462227893 , 0
4.890134824334843 , 7.646174363993287 , 0.20442640131061918 , 0.389469254105705 , 0
7.049505675537718 , -3.0134197518067207 , 3.4830637708828087 , 2.2107116989424656 , 0
7.3346908364741115 , 6.975368657784495 , -1.0401784299505867 , 1.4217072891316893 , 0
5.942986403225871 , 7.915454293734838 , -0.31638947359406644 , 0.7719891333933369 , 0
4.810628590179271 , 8.91897356620366 , 0.9740742262943507 , -0.8642871192333472 , 0
4.88614034048423 , 0.8815029362000218 , 1.7220194453703672 , 1.9261332028091376 , 0
1.7971938242476693 , 12.976793257111872 , 1.2820259474441689 , -4.523407311477091 , 0
0.8691699557070998 , 6.364550987442354 , 3.5357777752742168 , 2.4372272435857325 , 0
3.4769906707371003 , -1.06145818204444 , 3.947298041502237 , 0.4381328310979514 , 0
7.823415673068496 , 4.2674818879420275 , 1.4370255861849999 , 3.8064648828166563 , 0
4.205420712270939 , 3.0083656540938715 , 2.273553136438246 , 0.5648803622392637 , 0
4.739055721083504 , -3.754017551646565 , 3.43582790977498 , 2.458776944190251 , 0
4.102651007197584 , 9.5708682044544 , -2.8629772597321987 , 0.12722896100911685 , 0
2.7052014158959348 , 8.394479485019348 , 0.47478723866053996 , -0.4293224179382955 , 0
4.751688471556716 , -1.7054233021035665 , 6.553059854731368 , 3.6283864470039804 , 0
5.126443206489389 , 12.38850900242533 , -2.7176327113414565 , -1.9401574829290538 , 0
2.7769742777798054 , 3.5921286862594015 , 0.785576456182081 , 1.8784153419854424 , 0
2.950688423869903 , 5.671254294856245 , 4.349987332489187 , 3.809358435332836 , 0
4.5425355616070195 , 10.226623278307663 , -1.7139554124552694 , 1.2136032711664666 , 0
7.026198531586361 , 9.392558927810205 , -2.738495496714675 , -0.17074742437749313 , 0
3.755552524497921 , 8.406821983205212 , 2.019776660849277 , -2.763790443022616 , 0
4.025945181294705 , 9.044263805670955 , -0.054047153941997994 , 2.787752626312916 , 0
5.376710970095811 , 3.5897138854106987 , 2.893990300398711 , 1.2223832844498375 , 0
6.268397886814251 , 5.9005341992559615 , 3.4488975368158394 , 3.190726198711804 , 0
3.3136547601255213 , 2.486786247683109 , 3.9664351438656906 , 3.460388982242598 , 0
2.2058083398312354 , -2.936240653615214 , 11.093819171369136 , -0.7852012755047375 , 0
3.3316232553387777 , -5.422428179525921 , 9.964631468596345 , 1.5675957676470638 , 0
6.598544213362159 , 13.684100621231874 , -2.8265731124012103 , -2.1386123589832846 , 0
-2.2200329671522105 , 11.782788569000065 , 2.9446375748482017 , -4.062313429727123 , 0
3.4314743830161976 , -2.3416891702715175 , 6.174846455473867 , -1.0976430146675538 , 0
3.8682887503219674 , -3.6183093226758563 , 4.37529057753883 , 2.1909620806808174 , 0
5.236910096141921 , 3.0479324539285453 , 2.707122554546898 , 3.6093159371947303 , 0
6.078003451761993 , 3.955677001902315 , 3.376640776469586 , 3.7937404888783806 , 0
4.709410836780092 , 11.522256652858692 , -2.0580394428213693 , -2.9698690701959096 , 0
3.1525997732467452 , 11.321844180339424 , -2.952571073576059 , -1.5809181959077314 , 0
3.862034467650987 , 13.509265910426528 , -1.610128286244782 , -3.569969612555349 , 0
6.355987599242626 , -2.631506337639612 , 3.8921279016704777 , 1.1510810416127222 , 0
3.5552065163720092 , 8.450405439218223 , 0.09602407814973835 , 2.90353944792216 , 0
5.348541012138934 , 9.737550394585465 , 0.5337482651566563 , 3.247297433230867 , 0
3.8321345541786282 , 8.679728396557794 , 0.6859288446579284 , 2.2510000250676905 , 0
6.321365320862618 , 12.977241390268572 , -1.9069536375388543 , -2.6640284232677103 , 0
1.1362382398097957 , 10.089442869965806 , 3.754866319910674 , -3.771478399042423 , 0
-0.36119179635753573 , 3.1548340474777383 , 8.351038520000907 , 1.843511822749556 , 0
0.9485781020252171 , 11.279142271753344 , 4.101806247705402 , -3.192897088422897 , 0
3.5897096233196626 , 8.48120290063321 , -0.18526124462784166 , 2.7140164084424723 , 0
6.4217948973522825 , -0.17307405660840836 , 4.24395944589959 , 0.6532847810491046 , 0
5.42600011748374 , 3.8744938568931717 , 1.6385479389105044 , 4.315483291114441 , 0
0.6773655731278585 , 11.598127336299545 , 2.417014869536638 , -3.0209483127448244 , 0
6.738574036964 , 9.599729161227604 , -1.5975333757037533 , -0.8294720104444677 , 0
6.37557236937468 , 10.777678472657746 , -1.1689488281812235 , -3.73486124840639 , 0
2.2293760895376566 , 11.845585198844745 , -1.6391603054032053 , -5.101816635115924 , 0
2.5740142879401127 , 2.3442200400802324 , 5.586716066490547 , 1.909119841017327 , 0
3.509235549839871 , 0.5891595215934523 , 6.939416442967309 , 1.7375265985820882 , 0
1.2908548985127264 , -2.930626039784514 , 3.668388146466274 , 0.5138525143254764 , 0
5.813457094332113 , 1.6074833386867626 , 1.4327106924313444 , 3.189045609283283 , 0
5.792246300524018 , 10.077455027515514 , -1.7156015712196278 , -1.2815981978807498 , 0
6.616670954012279 , 1.6445529584027652 , 0.6607949256943686 , 3.0749186503985535 , 0
3.5678303127635305 , 10.127811592303834 , 0.4102116205855759 , -0.004016545161040774 , 0
3.152147480434924 , 0.5627254970162507 , 7.69628830362848 , -0.08775872043532518 , 0
3.395687410077607 , -1.9564329516712489 , 8.48112884950909 , 1.8303917721140373 , 0
4.863224900319363 , -1.6367818817435635 , 6.135021097029259 , 1.9498363060083648 , 0
5.3414300765242775 , 5.850312971845971 , 0.6801509505343137 , 2.693632410607583 , 0
3.4223457508758086 , 7.004713682503087 , 0.30451612851540366 , -0.5173142931488508 , 0
-1.02390479340206 , 12.653007594342416 , 3.9427099229172144 , -4.236907583946238 , 0
2.960366007223614 , 1.3136386952980963 , 3.5903482447339856 , 2.4093153576426096 , 0
-0.7944549478289639 , 1.4947175389429992 , 11.533325371608857 , 2.5742281096731365 , 0
6.507221057252137 , -1.88728686713298 , 6.420839100915787 , 1.5132024137496938 , 0
1.7700877966525532 , 9.53598341624776 , -2.657884391680925 , -5.743744391189494 , 0
4.139385564117419 , 7.923311514798513 , -1.6245009605404768 , 0.8621192960323043 , 0
4.2296388180234095 , 5.092933121623015 , 2.3013164212012525 , 0.4189104029851419 , 0
3.157112879057099 , 8.111932119798986 , 2.9329771247523135 , 0.6612726772393112 , 0
3.479698730082597 , -4.245980538872915 , 8.911317220057553 , 0.7920359566913864 , 0
4.137088325914437 , 11.693948532621734 , -3.477219557948855 , -2.2097871459378755 , 0
5.037394191824063 , 7.339818005345933 , -0.13500266324096355 , 1.6707412861069209 , 0
3.058748330987912 , 8.331175121387414 , 1.7704744317442593 , -0.3887446026610415 , 0
6.899803073811478 , 0.22048262337899693 , 2.561769080852167 , 3.269061769524879 , 0
-0.6946955389062834 , 13.669146763150144 , 3.024598267057379 , -2.618583984052982 , 0
2.3503219438413807 , 8.890456438689114 , -0.1504937078951114 , 0.05526030911083901 , 0
4.580989779259886 , 1.3516614614096993 , 7.765833945625993 , 0.3036523590155753 , 0
6.053154415132227 , 11.475406590501258 , -1.8038702758480047 , -3.098511688159101 , 0
1.1111391425584336 , 2.561060777384668 , 4.963498123288582 , 0.7501549776783538 , 0
5.571951335076712 , 1.0849557972181767 , 0.9159100493498123 , 3.017584465152237 , 0
7.27645131320809 , 5.20811542502448 , 0.030514508086644687 , 2.805360300511561 , 0
2.7576175407528583 , 4.718411849877012 , 2.6456900311585643 , 1.0873375560231548 , 0
2.5467084868482823 , 7.738583065279344 , 3.5277230151912855 , -3.2471758264506754 , 0
4.275140710654469 , 6.4975925894561355 , 0.8590018623965519 , 0.23705386997799838 , 0
3.4241813296723653 , 2.6914061003960588 , 3.6300008262082777 , 2.1837229665154503 , 0
-2.211225411047514 , 10.610589883073514 , -0.7681049517287942 , -3.6032120802401293 , 0
4.97702841211243 , 2.9367475366858313 , 6.868867235153649 , 1.9178012370589963 , 0
4.77447971701106 , 3.232621168503133 , 2.925652056315369 , 0.4366565158151001 , 0
4.357771051437588 , 3.342101757403692 , 1.609677080388143 , 2.4820924918589857 , 0
5.727667583202838 , 7.86386157456598 , 1.9016522912305742 , 1.0343861013575164 , 0
3.2415600009628287 , 4.492201025165215 , 4.128718468344511 , 0.7354299408424911 , 0
5.514176868904455 , -1.2691219174428698 , 4.8282594496567475 , 0.7669670277589172 , 0
3.797835979260241 , 3.1551868539315517 , 4.826761897145424 , 2.79115376559939 , 0
5.547069338416765 , -1.8767322327157423 , 4.8524495627406985 , 2.0749797047209935 , 0
1.9319605204539776 , 11.07872708509825 , -0.03910943120481236 , -1.8439542451196176 , 0
5.740467828612395 , 11.591132912477955 , -2.5869973486921674 , -2.3153824316830334 , 0
5.421924289210242 , -2.937011824198581 , 4.941981249886357 , 4.425283295359451 , 0
5.90400514545316 , -0.38471020656421295 , 4.9838196256959115 , 0.9065308673934711 , 0
4.035546527952765 , 7.889229395011293 , -0.7382700931022457 , -0.4231223719610335 , 0
4.976982454255394 , 4.131559244240544 , 3.045984562489699 , 1.3536412143574155 , 0
7.093629505345591 , 7.926267069859916 , -1.561942752932377 , -0.11383718850120772 , 0
2.6538932385028193 , 7.301940986178247 , 1.1994376809607732 , 0.5831202666157125 , 0
3.151047934101224 , 5.229660576211777 , 3.0879475681809443 , 3.0721422755941123 , 0
6.3001054030502806 , 11.577017407625746 , -1.2228330231261815 , -1.753512223866792 , 0
7.178323796993239 , 10.09187927196388 , -3.5273686976702385 , -3.168084970077178 , 0
4.049799551360071 , 7.923904291984043 , 2.52304009209156 , 0.9530698647024519 , 0
8.193962732310418 , 2.4410546093260845 , 2.594093520180027 , 3.041347420770088 , 0
5.437398338086016 , 7.694347008955914 , -1.9118909542170504 , 0.6973682665436871 , 0
5.528215450257043 , 2.0247236397552983 , 1.859715031976731 , 1.8846947687913662 , 0
2.339488185643511 , 7.788366312799597 , 2.106604784272938 , -2.117241524295407 , 0
3.162920344600994 , 0.19924268416136692 , 8.7428239055466 , 2.4811484151427736 , 0
5.141674464641682 , -2.6683264552754316 , 4.000367659471137 , 0.6120641459093455 , 0
2.8554575001384452 , -2.400553043088069 , 10.400450021524167 , -1.3438926548481187 , 0
0.9648053838963445 , 12.10434703377464 , 1.0124661129137627 , -3.994888760708467 , 0
-0.19789054919919868 , 14.022924298501248 , 1.4262782613435614 , -5.040933717758817 , 0
6.0679833473495925 , 6.134619335189505 , -0.9761146306504767 , 2.381823425688544 , 0
4.637598684935016 , 8.026962789701692 , 1.4432952958238552 , -0.49470131289375097 , 0
1.9653593321762766 , 2.5154999600114967 , 7.470389549764761 , 0.4874488766683611 , 0
4.8602850514077796 , 9.623712425982665 , -0.9997375030099676 , -0.43029180282883306 , 0
2.6505978613033925 , -3.1719882073042713 , 6.994895459270222 , 0.07180459878049095 , 0
2.325979758283641 , 11.050753938778483 , -0.3381741126668235 , 0.8139351991738506 , 0
0.31571940697184386 , 12.353589821962885 , 3.187736314713044 , -2.6794561831794934 , 0
0.7020650094733 , 10.349848070754327 , -3.206416289849086 , -4.512038888319641 , 0
3.626892030091501 , -2.3869705716503704 , 8.760889042200587 , -1.4251931230927948 , 0
5.238877160887517 , 12.930800318456317 , -2.0845565829196415 , -2.7628461554016654 , 0
5.161353837113912 , 10.200162175701792 , -1.4636820416622214 , 1.6936686732036157 , 0
6.13965552363402 , -1.2663061901635981 , 2.8743301937554 , 3.294490660119826 , 0
2.069700898389458 , 2.9026064187650666 , 4.5338452055903655 , 1.3966457123997138 , 0
2.5676543637101186 , 7.381856866420772 , -1.2308647472978245 , 0.7553868841068634 , 0
2.5921178512997427 , -3.8230030190625377 , 6.374662976256514 , 1.257985136514029 , 0
7.649956195947914 , 7.072181774562603 , -1.3733531003088995 , 2.2702354124218074 , 0
5.7858252318803425 , 3.525984173836399 , 3.692345492646621 , 0.13134011904105902 , 0
3.0253148246360353 , -2.6865498915501584 , 4.274790557078855 , -0.0846568599351123 , 0
3.9755108597018394 , 12.304992747883436 , -2.792737378456339 , -1.756607731110888 , 0
-0.25205123626183035 , 2.413983349534869 , 8.381161988985193 , 1.1638864468189483 , 0
5.978664887738694 , 3.2822487340817252 , 2.1024847753406974 , 1.2931360056992545 , 0
5.8778554186309835 , 7.142151723445017 , 2.2833564606682195 , 0.06250347899106379 , 0
3.416015305069756 , 3.0439359900343543 , 5.265748979212253 , 0.6791478439746421 , 0
2.6444119941614526 , 4.6744326588503835 , 2.968594474969663 , 1.4829915266331044 , 0
4.20925170662086 , 3.585388202501605 , 3.45974558925171 , 2.1852470545753286 , 0
5.586799703137329 , 5.871925434352256 , 0.3501108736322607 , 1.0111814075238001 , 0
0.029261402393902625 , 13.785541025000605 , 2.3064370098219396 , -3.85742130925392 , 0
4.8671550024063315 , 0.24313101377095836 , 3.6925278513423683 , 3.755991285194187 , 0
2.8467326052063884 , 11.93786656543942 , 0.7179687552012393 , -1.5735114270260215 , 0
4.722827913389509 , 9.441667687379033 , 0.9483729012587414 , 2.0521136283337604 , 0
1.72509778906965 , -1.1713758842235786 , 3.098838523884512 , 1.3397899424626116 , 0
3.0184498069413874 , -3.737253072999986 , 4.934101784861283 , -0.32794802584229743 , 0
4.1113902533795725 , 11.337985519587987 , -1.2738007562064928 , 0.07823496016801612 , 0
3.106764051068293 , 11.686533509858059 , -1.4583866830925265 , -3.31638417303349 , 0
4.088180522566281 , -2.8682488261974712 , 6.67580613331148 , 1.4488544597904485 , 0
4.421896420801898 , 5.292314840748727 , 1.5741161625085085 , 1.6530174815262129 , 0
2.6894970999282872 , 6.683366985016336 , 4.7198814500243795 , 1.969336996603115 , 0
5.158372323132971 , 1.9482170813523148 , 3.3110879499472317 , 1.6088229147828237 , 0
5.198844480467153 , 4.461935933539883 , 3.417536971049347 , 3.2679737579919763 , 0
5.033001741890223 , 7.8261666532315814 , 0.7495995793248875 , 0.1831478030209539 , 0
4.9492167341589415 , 10.567387705699483 , 1.1754201446695536 , -1.9571024970297497 , 0
3.286888183700973 , 11.924917503361504 , 0.7197780735894597 , -2.452017338263646 , 0
4.757008914431723 , 10.74401039712502 , 0.17533396587036076 , -0.7322413484901001 , 0
0.9758201515245113 , 11.887343311216886 , 3.6205886179011935 , -2.3722428487249188 , 0
2.8791172357788963 , 11.477789701934752 , -1.1773650028836258 , -2.0176075863659815 , 0
5.044435803433174 , 4.9035686466379325 , 1.9191260158811208 , 0.7642058172028214 , 0
4.293446952344356 , 2.727216899272814 , 7.707835523292994 , 2.266647487607881 , 0
6.674533954459044 , 12.196095155210816 , -2.890028192402453 , -2.181873965195176 , 0
5.204754923870434 , 0.23386686159665748 , 3.7184469972126224 , 1.5094786858968114 , 0
-1.8293538138087053 , 12.15997650568524 , 2.4362970848354717 , -6.064605072083774 , 0
5.35323511840411 , 7.14343978205944 , 2.6510731184075573 , 0.9316926910714387 , 0
4.545845492757092 , -4.620051343477677 , 9.712012022395696 , -0.31363711929976945 , 0
4.051859922207169 , -2.0666862140272193 , 3.456811724249382 , 1.0337262417796396 , 0
1.810586009739453 , 10.352267006712571 , 2.1962579223437184 , -0.012027239461910533 , 0
3.8499183623091615 , 1.5887830618479164 , 7.219653604825252 , 2.9466602606395957 , 0
4.760799424260926 , 2.8379370211800374 , 2.6609155313523303 , 2.6906335491028353 , 0
4.467730910283251 , 1.9389666332910251 , 3.33595034310845 , 4.87433412503948 , 0
2.867666343335957 , 10.894464370482634 , -2.0572354330316585 , 0.6940692587669441 , 0
6.467459279535035 , -3.3164467304986287 , 5.800045525587946 , 3.648045135018727 , 0
5.686651637266863 , 13.873504582283966 , -3.248727363724302 , -2.427406528535556 , 0
-0.4366388382746269 , 12.845717587624694 , 2.8617025372916807 , -2.491628182696872 , 0
1.6657456299845697 , 2.324484352951608 , 10.040233100070846 , 1.1504789346484516 , 0
0.9038985097036754 , 9.24059305112513 , 3.0959724375181685 , -2.12877695801112 , 0
0.5432919654815831 , 11.601088524601478 , 4.859780426668323 , -3.415507565698196 , 0
3.824247230682813 , -3.8360335045342917 , 7.4388237440156395 , -0.24299559214265543 , 0
3.464039902913798 , 8.468449727936456 , 1.6579660885629806 , -0.46496168153809214 , 0
2.7388222342045077 , 10.080840091640805 , -1.5697747885507694 , -0.09040172900217858 , 0
1.0933602969851108 , 7.4204172851714105 , 2.9692970068580804 , 1.030647561544636 , 0
4.536932423610136 , 6.7075220233495 , -1.1836588193514266 , 2.5598598302538464 , 0
7.129496626702984 , 3.386417385159045 , 1.5379963816995446 , 1.9988968307986599 , 0
2.396999892036831 , 11.13374115207507 , 1.0877528904622418 , -1.9934050258904494 , 0
5.259422005442336 , 10.17645421759035 , -2.4091363248822493 , -0.7535816509396729 , 0
6.515097631699806 , 4.929456912007527 , 1.3065845848099407 , 2.224260543413133 , 0
4.149686237305245 , 4.3712975961441565 , 1.4843224134497475 , 1.7413302674189794 , 0
6.462009742223311 , 5.226863134467253 , 2.6666016447144836 , 3.379692516875235 , 0
4.130619887000672 , 13.56253954908361 , -3.5660162766286 , -3.7148134943357807 , 0
6.9492582176302164 , 8.117526704849448 , -0.8137886765985693 , -0.781462321262059 , 0
3.522071659042555 , 10.399109646630498 , -1.3308420578017 , -2.001531330910753 , 0
5.520541737027197 , -2.5083172767495254 , 5.283314472975455 , 2.2952378183184354 , 0
3.351643527260416 , 9.856702466586713 , 0.2160083912270716 , -1.3804273958307183 , 0
6.8688962015438335 , 8.656569459994255 , -1.655284955889306 , 0.44863011625640903 , 0
-0.7983975749722205 , 12.631066834919725 , 4.846350038316091 , -2.347365809876144 , 0
8.06353057853595 , 1.215462779721928 , 3.047543257642654 , 2.441158530751267 , 0
1.1321460478646677 , 9.619657736518512 , 1.189402773344219 , 2.176390282866936 , 0
4.4901207103916825 , 8.439889725592268 , 2.166586949202697 , -1.703312029704383 , 0
4.131819165896465 , 9.84789079759467 , -1.4613728373729402 , -2.4542943555219776 , 0
0.1147775872856811 , 3.797371039554143 , 9.75500769865057 , 1.3830807486618437 , 0
3.0727025945911866 , 1.7612762723064734 , 8.67482924034066 , 0.9097304692166248 , 0
3.278453306124268 , 10.508899392314234 , -2.876736280454492 , 1.1297812775812952 , 0
1.438163883093338 , 9.712736821399593 , 3.165803910100973 , -2.2326437040461506 , 0
2.1951525063554382 , 7.9973761208066385 , 1.4958361629205037 , -1.2020916522298144 , 0
3.554860544876 , 9.684461691957576 , -1.6780715337787853 , 1.9749491822799312 , 0
3.151848693752629 , 4.878823127173181 , 1.6965771094542923 , 2.903254660208941 , 0
2.3629210512245566 , 6.291908133611826 , 1.4578458261281622 , 0.3378867826425811 , 0
3.3834271324248606 , 13.60783120260149 , -2.4685060618386876 , -3.76872575231354 , 0
2.619946667285951 , -3.2116227462277367 , 7.128844468539781 , 2.0560368069510195 , 0
0.08651520128241563 , 10.779411921453963 , -3.662372380288897 , -5.777111163354313 , 0
5.3309679275938695 , -2.8871293694701157 , 5.330079045498774 , 2.7435360019955386 , 0
2.9323733906840466 , 0.899759500283154 , 10.574469789813499 , 3.5103557754261114 , 0
0.6897860932510061 , 0.1862003241343002 , 2.6641188703456335 , 0.4854022456423195 , 0
6.676156096358492 , 5.174794870465535 , 2.3229773076016764 , 3.037921106596891 , 0
6.269305104664675 , 2.908373157063146 , 0.9686652480719697 , 1.1580491154593262 , 0
3.8147841633963155 , 7.991192586375721 , -0.07507396126790278 , 1.4276374993201748 , 0
2.9933799056294603 , 8.91530119733925 , -0.3835248552254198 , -0.5975938910456182 , 0
5.10131204184159 , 4.216326202644991 , 3.0989059012713414 , 1.1310716354652977 , 0
8.500577860962785 , 8.794306704194064 , -0.4168780069858724 , 0.24277550329567044 , 0
2.112090417154843 , 1.9825201677422206 , 5.688302030782189 , 1.8749103788917179 , 0
1.2662187537672958 , 6.579489907795464 , 3.0349015437256637 , 2.1337618015452238 , 0
-0.4110700753648533 , 15.172081740528649 , 2.946303153526233 , -5.260803569469111 , 0
7.131137204698332 , 6.463493630239368 , -2.285274678110103 , 0.7202164010026906 , 0
3.469637964108814 , 12.438266177664179 , -1.7190498206496247 , -2.4076846693126823 , 0
4.826067004309358 , 3.8449255753899556 , 2.8431796906424416 , 1.198759363056384 , 0
5.40804899410286 , 8.76679136076934 , -2.292161178235177 , 0.5937502858065185 , 0
2.2587030763538 , 1.7985720372540515 , 6.967366791159487 , 1.1922013507343467 , 0
5.339377199457972 , 0.38142055488395665 , 4.875804348447987 , 4.131104547864865 , 0
6.135709008267434 , 7.157327124877922 , 0.7119671801336389 , 1.0431255887825956 , 0
4.435830348679566 , 2.463073628914919 , 3.2578174164009015 , 1.1918319205267962 , 0
5.523135678603925 , -4.430270694987891 , 5.667756919416393 , 2.032016474917483 , 0
1.5805728591904338 , 10.249622598773879 , -1.5141668080774549 , 2.2048313682922105 , 0
4.684977858746591 , 7.987602120832081 , 3.938062251484866 , -1.005516066507497 , 0
6.222352163684198 , 2.019744946012882 , 2.658143956074499 , 4.759983889604198 , 0
5.58665407284104 , 9.556134406591118 , -1.020325332637491 , 0.858040935016982 , 0
5.504180576579706 , 12.08412478146133 , -3.3184830739166733 , -2.564932899191015 , 0
5.09015762122332 , -4.652858871017746 , 6.746431897288062 , 2.5303404299181613 , 0
4.144337572888442 , 5.326863471497495 , 1.3760722025361871 , 0.4873757351517164 , 0
6.658558658790368 , 1.7802378181485237 , 1.2211907472838643 , 3.7969551551169856 , 0
4.994742660978257 , -2.400717169981566 , 6.011511839493783 , 1.4309282337537061 , 0
3.811894075499212 , 1.329342366557081 , 7.045163955798685 , 3.6414251890283214 , 0
4.891018355132795 , 13.82536644672198 , -2.6551290828847396 , -4.394790784020676 , 0
0.3437135066493755 , 1.138187148980765 , 8.384238941121756 , 1.1175069670593116 , 0
-1.9748569621511995 , 15.264817368549991 , 2.723930936997041 , -4.751098665192787 , 0
5.156537800105362 , 12.712675617891177 , -2.095944123161528 , -2.333087238333222 , 0
2.1968316055354387 , 3.07451155319 , 7.481528442682993 , 3.024237161811288 , 0
2.147768012701936 , 10.171677715948128 , 0.3121369056661628 , -1.2105317912815443 , 0
7.096319180262281 , 5.094601958627309 , 3.401550849824131 , 2.4635661777422957 , 0
6.405934454519855 , 3.5675505473044 , 1.748389137706813 , 1.0455643106511032 , 0
4.77430999403127 , 9.329140816462953 , 0.1442871303299641 , 0.008670940324235321 , 0
1.2670049496223605 , 9.533646095937062 , 0.28420364834960976 , -1.090909727392586 , 0
5.617237065479711 , 8.3598279565064 , 0.4319550716450715 , 0.25558995573326615 , 0
-1.0865711223894254 , 14.592048008787257 , 1.116638262271353 , -6.507823398977301 , 0
5.818814618833628 , 1.1938429434273021 , 2.3721649182601956 , 1.768393715218934 , 0
3.1011439954445446 , -5.085358426717249 , 10.508238475039168 , -0.2324483299331065 , 0
4.4588500155246455 , 10.807411621233854 , 2.8371894984446517 , 0.0765211725710202 , 0
1.6677829579443282 , 9.829788670535699 , -0.7624810716672243 , 0.04971794699715293 , 0
5.981411800124089 , -0.8957596987996874 , 4.722235989156745 , 3.303445598656035 , 0
3.382602264114968 , -5.134157829152762 , 10.938807095784945 , 0.621137463720848 , 0
3.3672789479948633 , 5.882806035850648 , 1.5973366412607866 , 0.7521673677753349 , 0
6.570093829996956 , 12.74733124630643 , -2.959722422302078 , -2.073394973358468 , 0
2.387995318164379 , 7.741521800135928 , 0.7560950359218569 , -1.9129786303468856 , 0
4.510743236534259 , -0.45336056554781123 , 4.011807948595735 , 2.3747057678339645 , 0
2.629129868844834 , 6.664821069666485 , 2.2558329619383937 , 2.0809062392416386 , 0
3.378874398917028 , 11.056028660034215 , -1.368806827030248 , -2.2291499048270174 , 0
4.754675214289576 , 5.311582412904712 , 1.94651740120756 , 2.9358484249541315 , 0
-0.6767038306540365 , 11.880506645716185 , -0.7288175063308232 , -3.8820599557047077 , 0
8.428897478823977 , 11.095782365432894 , -2.1728630168771916 , -1.6103640082375796 , 0
6.0755336537133715 , 5.329023037211597 , 1.4275628511774596 , 1.345990586719307 , 0
2.399663586491028 , 9.894617775474387 , 4.680006841442952 , -2.377943751395064 , 0
-0.10608236920861525 , 2.266826743166263 , 8.820512985173368 , 3.244634115389525 , 0
4.974448051431314 , 8.725718871500616 , 2.8394815289747064 , 2.2188893663309166 , 0
0.38729835031979554 , 10.508692431826528 , -2.694162066457533 , -3.8344648376302075 , 0
5.086709587533923 , 9.829502519523507 , 0.01211279206382887 , -0.0413608972852374 , 0
2.082922214517379 , 4.318317164863533 , 0.21059658281542837 , 1.6414761351235412 , 0
4.704359529940302 , -1.4762529841680343 , 6.3325669232213055 , 0.6019981024939397 , 0
6.22754687305962 , 0.8549991569578981 , 2.1872362666628327 , 3.447090516462044 , 0
6.11778165931866 , 8.89978072774703 , -1.638300841210035 , 1.4940184348078827 , 0
4.161614530020776 , -0.5040343793482331 , 2.934305259652942 , 2.8115606822207058 , 0
2.9650281638227645 , 3.8972578683120442 , 4.594816422680536 , 1.376479674017948 , 0
6.362427329500126 , -2.1979810435868155 , 5.190238963241476 , 1.1599930990233702 , 0
2.8353932649392934 , -5.730289189039027 , 8.693401792018964 , 2.3454176737975576 , 0
6.785783226361656 , 1.6559683068445175 , 1.645973022038399 , 2.759838021845574 , 0
4.410779219102928 , 7.136866120045145 , 0.7151293072621447 , 2.18757242669147 , 0
2.3229676436410687 , 11.771242298333512 , -0.5187856552912308 , -1.3843002725873728 , 0
4.928890311669522 , 3.4689241543339597 , 3.4625849153852277 , 1.1381098504977571 , 0
-0.029302101344489517 , 1.4638933987111544 , 10.283807948739954 , 2.267231633719321 , 0
3.6857746394453934 , -2.724058632338859 , 7.821865755466927 , 1.5546683047185672 , 0
3.560168138684438 , -1.66458423477284 , 7.403970020035519 , 2.474358157069849 , 0
4.274365943699801 , 4.681461542224914 , 2.3442854329812075 , 1.5540419245575139 , 0
3.036340083639157 , 11.437200052187963 , -3.070475302623456 , -3.1681252964185536 , 0
6.5007143572071175 , -0.8077529082472539 , 4.154733344485493 , 0.9695192103272615 , 0
1.9151709141528128 , 8.383642279911133 , 1.6126753598448715 , -0.14471044978458003 , 0
2.3922488396227655 , 8.661979996914749 , 3.788039350730045 , 3.2937888599146046 , 0
4.524108373652008 , -1.8227264341131648 , 5.140163666437178 , 2.3708651954568336 , 0
3.767580904683661 , -0.8581461260826238 , 5.514690323117828 , 0.21448392564490348 , 0
-0.22377865443748446 , 12.131349621918142 , 4.999220570297998 , -2.0123925972845553 , 0
2.5538687821573305 , 10.058219111317525 , 0.4583110128122536 , 1.397725219438744 , 0
1.0148320189837243 , 7.964265047034504 , 1.7103948163007865 , -0.2921005268224367 , 0
1.6022798044905244 , 10.329457709646993 , -3.03339317662863 , -3.4769757125833562 , 0
2.846968202674617 , 8.438862459773098 , 1.0974723734536709 , 0.5686132137338191 , 0
5.548099280801013 , 5.742479399766137 , 3.6149500505185346 , 1.0484255929281943 , 0
-1.2864830060482015 , 11.037130795600804 , 5.57991833307758 , -4.127847597207349 , 0
6.053294892309722 , 7.908692168498694 , -1.450087257280814 , 0.3386731074491345 , 0
-0.22479897196944443 , 8.49392027980048 , 2.0797931586738185 , -0.4366874913118022 , 0
4.289000615450649 , 7.402205123755859 , 1.2375174985844128 , 0.512910290692774 , 0
5.059647324609739 , -1.2758905778167717 , 4.270973705826224 , 0.5263897292595716 , 0
2.4099369793027883 , 2.7824087991123236 , 3.032765575219389 , 2.3766705298493633 , 0
5.300119756703909 , 13.370136317820492 , -3.814388443015433 , -2.0502200120451723 , 0
3.1026446858580616 , 9.197349897955576 , -0.8009996354889355 , -0.13300325475684982 , 0
3.044428662462343 , 0.5255277947022255 , 3.84636024648381 , 2.887013675711108 , 0
3.5937491455619504 , 10.655540900783176 , -0.6517856845251135 , -2.726480636612303 , 0
6.365412622250329 , 9.152615656991596 , 0.6370210593562375 , 2.7812144405138968 , 0
6.604730463662384 , 13.167260790003787 , -1.0970383475049963 , -4.046951943253109 , 0
4.137826047256 , 6.250300037085497 , -1.9713685933493537 , 2.849929218438821 , 0
5.87530082948033 , 12.989510634197197 , -2.3283811748347625 , -2.8752286592944096 , 0
4.792284532305104 , -2.6368565598347513 , 4.755816535652402 , 4.038153885237725 , 0
5.879127572397692 , 7.071977607997585 , -0.46653620821519937 , 0.7150138247772966 , 0
4.4508984021311075 , -0.4498542728216286 , 4.688716070812289 , 1.774525221691981 , 0
5.97257580991238 , 2.416214928652752 , 1.9455473892456037 , 4.185127225202496 , 0
7.580748581204983 , -3.2590340789828662 , 6.311105595400918 , 2.4122494731867885 , 0
5.650297674102074 , 11.307346671795386 , -1.8012363558309668 , -2.8157698832393656 , 0
2.3351387025357764 , -0.2920813513467615 , 5.411248700278341 , 0.01792921727029717 , 0
2.04179460543741 , -0.21506320934742262 , 7.165955732198208 , 2.5552072577538016 , 0
7.247078900382592 , 10.911206936740221 , -2.4176057645382882 , 1.107800362601183 , 0
3.6205947654759782 , 10.154011777061797 , 1.263987805695166 , -0.36604948431988804 , 0
3.6354921066552888 , -2.8073564834683853 , 2.9943953098526226 , 0.1695074545805778 , 0
-1.5798506464291455 , 12.99843072888368 , 0.09985279702423755 , -4.6359844598759015 , 0
1.888855571715593 , 2.6398237706095466 , 1.090897025655949 , 1.8297749781281922 , 0
1.5966073081207672 , 2.6237885806499657 , 8.891920353803652 , -0.33727281659917163 , 0
4.1986154928656685 , 10.305544560589963 , -2.5274792590277055 , -0.19553852351581602 , 0
1.8720719467697928 , 11.831188632716644 , 2.0510168792956085 , 1.0546134492473058 , 0
-0.23715132994726906 , 11.363266543419183 , 4.117484771280768 , -3.96461538463495 , 0
5.189547821397128 , 7.755356322280301 , -1.1435554593785373 , -0.958575160016658 , 0
1.4229854983534087 , 10.023388928010847 , 1.4104520030979995 , 0.04860866261843433 , 0
4.441569362437345 , -5.740897912705657 , 9.940224054788088 , -0.31525621857456276 , 0
-0.8987045740441837 , 15.21437903773188 , 3.6881096240444293 , -7.631581120462551 , 0
5.551124601107154 , 2.3786490447426467 , 0.09091178086033302 , 1.5231173329271726 , 0
6.455785865016386 , 8.488046130309222 , -1.7075156265327802 , 0.6376237119043735 , 0
5.5339760842469214 , 8.442564338462505 , -0.1710604616887934 , 0.7670222357583301 , 0
2.4923490916035935 , 8.087271695058178 , 1.5660277829712665 , 0.49552302828287287 , 0
4.015231779720188 , -4.771478798364614 , 9.410341267311932 , 2.989057511058401 , 0
5.210985568052431 , 0.7920315750019854 , 7.647167407488231 , 4.244259659316024 , 0
3.5112334877866713 , 3.9920028639086738 , 3.6161947168239506 , 0.7424877151301932 , 0
5.257303326158252 , 2.4100529267504314 , 2.8187027540734744 , 2.7128739854432276 , 0
1.4946533305007534 , 5.253924920643325 , 0.06024736220323579 , 0.908285766303087 , 1
0.819689344773429 , 1.7541996193884746 , 1.953671103433145 , 1.652359483756533 , 1
-3.390028299569065 , -6.734832494048287 , 11.478402013659702 , 3.3878904286052607 , 1
-1.510417067906574 , 0.8680310992143414 , 2.055216610029305 , 3.4356302228196434 , 1
1.211450310611017 , 3.271988689569019 , -0.06795977474347126 , -1.5410342897301734 , 1
-2.2375725369935155 , -8.719449989625186 , 12.149859752510956 , 2.013036333281117 , 1
0.25336148971029615 , 2.7522341973826174 , 2.2316116108727084 , 1.8061043677763915 , 1
-4.499251279706002 , 8.457459245566918 , 1.1507054978723952 , -6.6353536375398345 , 1
-1.024963891316058 , 2.7984308866730094 , 1.3008865356911183 , -0.6985934181750739 , 1
0.19033445384095626 , 0.4638070702963484 , 2.8396561746257767 , 1.8665418691741396 , 1
-0.9417586698223954 , -8.448804273418062 , 9.280016116924603 , 2.487498544085925 , 1
-3.3155341227947472 , -10.879768612591239 , 13.539102944904226 , -2.5356028997776825 , 1
2.145484679801081 , 6.081827262935892 , -1.925030106326747 , -3.027745727863756 , 1
-1.5847235537933484 , 2.1025280749745265 , 3.841754788476664 , 2.630450349639904 , 1
1.534289804061185 , -1.9262632513116067 , 4.682594873039137 , 2.113189835543676 , 1
2.7286758918805103 , 2.704093445421777 , -0.5651482162369139 , 2.1590506034093773 , 1
-1.1728590267972576 , 2.9406344418913015 , 3.95643818745395 , 2.692235682115527 , 1
-1.4404647489217117 , -4.912915521666901 , 8.71351147604879 , 3.108128549608129 , 1
-0.8450249397324473 , -4.600693902173116 , 7.523286550806211 , 0.412071720517993 , 1
0.7587326351279418 , 2.33539449569977 , -1.3069195297320562 , 2.8726918438409665 , 1
3.3452576280843758 , 6.248864201242995 , -4.5788581785976685 , -2.409250922365745 , 1
2.6911931972107803 , 6.0691939359899525 , -4.999542515359153 , -4.969108351108659 , 1
-0.046666870593052856 , -0.9459378545476184 , 3.9061873074663005 , 3.294779157589893 , 1
1.9715376336741457 , 0.17894758624568308 , 1.023215286665066 , 2.2976125926394744 , 1
1.7771106503173881 , 4.280951557308957 , -2.2380107416332913 , 0.1104413588342874 , 1
2.355832932666763 , 3.8367023238207203 , -1.087134891803034 , -0.09246012515669921 , 1
-3.6054012058414933 , 4.75356733226254 , 1.451580975191406 , -1.0437303094133075 , 1
-0.09204176650822526 , 5.043277823825397 , -1.8521035268595802 , 1.6492217378559832 , 1
-1.9827648669894724 , 1.3073704496037037 , 2.481251395097497 , 0.731105827293024 , 1
-1.8599028424462443 , -6.333357526027571 , 12.68990350199368 , -0.9062747880554715 , 1
-3.920558345067105 , -4.933262283910704 , 12.804125759889363 , 1.1305037569045326 , 1
-1.4791363312273598 , -5.529556900600925 , 14.436073652804001 , 0.29702175522561447 , 1
-0.7828533414564196 , 6.129937394384556 , -0.8952624415875835 , 0.10336054458303012 , 1
0.5036392066585986 , 1.49853727477281 , 2.090463773585407 , 0.55335895736401 , 1
-1.7307899124242585 , -5.505954163415986 , 9.869191518416613 , 2.6905834066809753 , 1
-1.8912799282087387 , 5.793726689084218 , -0.9576872374359089 , 0.16893013651960187 , 1
1.2661411162747807 , 0.23370346427367072 , 0.5411221083749633 , 2.1157239056265897 , 1
-0.7089178718585525 , -6.355881398342497 , 10.056837839062098 , 0.6016741656704774 , 1
1.0086443939237646 , 1.822179559012862 , 0.45246881224849533 , 1.5963940572329514 , 1
-0.15135563171855393 , 5.539344943913895 , -0.6466676086382326 , -3.245987520793902 , 1
-4.139715765870014 , 7.6554467542534725 , 2.4021161382149385 , -6.236311277984465 , 1
0.6116228006503999 , -0.9641584489006298 , 3.6937625844421897 , 3.342169530267743 , 1
0.5694967256754486 , -7.485649587677992 , 10.016103080040907 , 1.9587666353587063 , 1
-1.6344392446261704 , -10.592830431547206 , 13.430864077787646 , -0.6448303425488686 , 1
0.729946762591467 , 5.4560621392386395 , -2.2747813551510947 , -2.183149488863314 , 1
-1.31160582669198 , -5.025123571814598 , 9.547807931432269 , 1.1717300794374317 , 1
-2.6385709055584265 , -9.684272418361745 , 8.731387402986407 , -1.4766175816118654 , 1
-0.23045730195122693 , -1.667097184838621 , 1.9653345560082889 , 1.326375259938089 , 1
3.244509201157153 , 6.874956645069916 , -2.9557338127868733 , -1.5565852704057486 , 1
-4.755745190223722 , 9.899918477552339 , 0.7613682506062257 , -4.5620815895414415 , 1
0.5536872561720037 , -4.006504393105645 , 6.224252343443587 , 2.7703671766606153 , 1
1.0162889459044488 , 3.3765164974442534 , -0.08284107144405395 , 3.396404748105595 , 1
1.3939316017024743 , 6.46100002608919 , -3.1490370809987493 , -1.4240278112657347 , 1
1.0370843681974806 , 5.990191876071293 , -4.291013480603844 , -5.728396220196693 , 1
-3.4740176323839798 , 10.682385480036084 , -0.0249103191461284 , -3.7112475124188355 , 1
0.3585471780879237 , 0.5006633906493754 , 1.0206510987698791 , 0.9894777664574628 , 1
3.5569703516194933 , 3.585927821197356 , -1.1812083314185355 , 1.0084648475853237 , 1
-2.9681440005359088 , 4.105294609203792 , 1.379229888230259 , -3.35398310764894 , 1
-0.902875417015975 , 0.863191564340645 , 1.4256484527193412 , 2.4520473563923284 , 1
0.7664505383794649 , 1.9827426724735933 , 1.2987168938613962 , 0.23301769266320171 , 1
0.7763528964728028 , 2.7681692424382587 , 0.15754600787244533 , -1.04767729586368 , 1
1.1062208426682085 , 0.5462528823976376 , 4.741454979971547 , 2.0198218684907734 , 1
1.6005102076001716 , 1.5707327139579021 , 1.3349362307249906 , 1.6559236008731673 , 1
-2.7316148636057678 , -4.834952163047909 , 12.80836648890079 , 0.3521398354425336 , 1
-2.171011891313686 , 1.5571096978501422 , 3.0342969014293986 , 3.0597751618835574 , 1
-0.8018420156592494 , 3.1240326838156385 , -1.0182108018495688 , -1.1671349091749637 , 1
-0.12054855324819203 , 3.1186099733123718 , 1.0946863335837183 , 3.718458947149599 , 1
-0.08083545918142843 , 4.3478272221453445 , -1.675502428769161 , -1.5606177044854586 , 1
-1.707635474061052 , -6.948807831802295 , 11.203120634209858 , 1.2269893810423427 , 1
0.7122184781931757 , 2.473727937553857 , 2.3437475266966827 , 0.87518007545681 , 1
1.319436957940521 , -1.6653065066033055 , 4.961200116472343 , 2.4438517386823326 , 1
1.2609513695296792 , -7.559021435843837 , 11.048971590374288 , 0.4303555408016031 , 1
-0.26948839103679045 , -9.1727068817886 , 13.832454093654542 , -0.5096389489409443 , 1
1.8000847110132432 , 6.389784944670039 , -1.894143722264678 , -2.4852322167077916 , 1
-0.31171826663177393 , 6.603315614566358 , 1.96824406623261 , -3.6406215886059314 , 1
0.21730774182230883 , 1.3242493065459797 , 4.6179955221790685 , 1.2405735972398457 , 1
4.161541208308657 , 4.783219471544886 , -3.6426691646831135 , -1.0498983823438017 , 1
1.0087460420763157 , 0.44752002879077457 , 1.5527687749054058 , 1.759103284262812 , 1
1.1348658631062039 , -0.06200487241393793 , 1.1408865183939567 , 2.4933545311589946 , 1
2.9757982111422283 , 3.3079234126129804 , -1.3642251220765105 , 1.4838732609822014 , 1
1.4181786811339223 , 5.086931186641093 , -1.879955198074673 , -0.463244497059045 , 1
-5.399990665863705 , 9.896782406706924 , 3.49782146241747 , -3.253935757135164 , 1
-1.747116955318058 , 2.9921850968298247 , 2.4202224980131737 , 1.0988480613897282 , 1
0.9940113852565104 , 5.148131624213946 , -0.9746623551788087 , 0.0955040842744539 , 1
2.208056564911811 , 2.135421229120117 , -0.5512241546507175 , -0.28238180394396595 , 1
-0.10184777739730477 , 2.012940286662152 , 2.2205804148710904 , 1.074680818329484 , 1
-0.480343232206492 , 5.811064245997514 , 1.6444415177981346 , 1.2087368614684029 , 1
0.13114594793282852 , -5.487692693746318 , 10.17324991526222 , 3.304822879663957 , 1
-1.2705049211495618 , -13.218294832171788 , 19.624597028877048 , 0.6941241014778075 , 1
-1.6689300747535996 , 2.480673027639969 , 4.409607399899723 , 2.8510233487161964 , 1
-1.6569484958968943 , 3.875407468125621 , 1.5535160310417218 , -2.246435663021356 , 1
1.1162110992088188 , 1.995748906913458 , 0.3943341147250289 , 2.951414671806639 , 1
-1.2140743418777284 , -5.193062348140444 , 8.993834044756243 , 2.0252697937477593 , 1
-2.092772966377713 , -10.700574609439592 , 16.66948742805189 , 1.286452268468715 , 1
-1.7131497446736101 , -6.62807194469786 , 11.800432267359565 , 2.5486647942611977 , 1
-0.11339575935811741 , 0.05936614774032334 , 4.068148649702224 , 3.552096006893146 , 1
1.9117986975643881 , -5.720750295047342 , 6.924299243208949 , 3.4864754046512143 , 1
-0.4039998845816142 , -6.929023677602481 , 10.240110224049394 , 1.7688688641206687 , 1
1.4275651425669817 , -6.507441604417776 , 8.067495838934207 , 3.221964028336509 , 1
-0.17023379928359794 , -0.03724121101520972 , 0.448662763030797 , 3.498770496957575 , 1
-1.7118502488475205 , 3.2021606737032493 , 2.41613607643888 , 2.344908296082507 , 1
-1.6128672623623141 , -5.125283218953538 , 8.5688354432857 , 1.578039337151261 , 1
-0.9434257362473399 , -8.415251099999644 , 10.197256823291788 , -0.5523423335649369 , 1
0.5837969730642713 , -3.6642028933873334 , 2.249283838758698 , 1.0746928880117332 , 1
3.02782919809568 , 3.602663021127197 , -1.2663419153260564 , 0.6259126265095958 , 1
2.5080732851649437 , 5.698323405934192 , -3.5514897413651285 , -1.574736132857089 , 1
-2.204441130214298 , 10.112932373973765 , 1.9780385011196109 , -6.092503074591463 , 1
-0.25060596551326864 , -5.186745304841642 , 8.57743446994705 , 1.4334519919390194 , 1
1.479781225078344 , -4.119670184375461 , 7.215519246184645 , 0.7736041729119746 , 1
1.41642142589299 , 1.5781620763485438 , 0.8975133456795135 , 2.1894789118321225 , 1
4.486160392184455 , 5.264837965733486 , -2.6816236699934612 , 0.5489970857976871 , 1
-4.1294125812878395 , 9.431694996022202 , 0.9542512792161433 , -5.365145993273071 , 1
2.347624622123709 , 2.770338651016396 , -2.74301640963653 , 1.7996869620133231 , 1
1.4875992741915884 , 5.815017820270093 , -2.911355570810201 , -0.4006390427409805 , 1
2.013796217370691 , 4.277949796953774 , -2.3664335424402028 , -0.25883785621028166 , 1
-0.8679095202981224 , 2.8068971763865243 , 0.8767938687030732 , 0.5907296979752501 , 1
1.096222102745712 , 1.621187089361424 , 4.808861794329641 , 3.028214247025391 , 1
-3.0200736516277455 , -3.286791364997403 , 13.207632579358336 , 0.7377432056914368 , 1
-0.752506774089559 , -2.7343873255786306 , 6.366796895380585 , 0.8010392547865439 , 1
-3.4295735995155914 , -11.089496579304797 , 17.484297412154834 , -1.2817596301904266 , 1
-0.04002503075069386 , -0.48039689428273136 , 4.274473030051728 , 2.2610182279577336 , 1
-1.487676412732982 , -7.115774552806862 , 11.985527884704434 , 3.537548049419515 , 1
-0.6721023733724136 , 1.1619825597171594 , 3.0586295914733057 , 2.140352987379234 , 1
-1.5050028929218637 , 3.548659132730218 , 0.3361323117579009 , -1.1205032729755864 , 1
1.1771987867508802 , 5.078132903598138 , 0.5786666450718707 , -0.9186755342009336 , 1
-1.4518173131620582 , -6.881401886394098 , 9.426293516325588 , 2.7371548052165844 , 1
0.7950635476531773 , -2.474633822031972 , 6.36239608280178 , 2.1415787700045783 , 1
0.0711897654332393 , 4.979967752244496 , -0.7821654106683145 , -2.9025132761748527 , 1
0.42749510314880945 , -4.808135640098403 , 6.873275823537329 , 3.0956494442292177 , 1
1.3917397311474526 , 1.0034474920389005 , -0.780961626661902 , 1.0243747842685358 , 1
0.9340625526674282 , 5.5313666488234565 , -1.8186495745524258 , -3.9894073917460116 , 1
0.14816632661563522 , 5.970812465949646 , 1.7337727092953488 , -0.6884576235450117 , 1
2.75600228428509 , 3.5543503694589456 , -1.0207610651080348 , 1.416195431041077 , 1
1.5761970426990901 , 4.4360542447831355 , -3.7142033301370327 , -1.8348413155188066 , 1
3.7098481371973966 , 7.183992319417927 , -3.584838355260595 , -2.539900028684017 , 1
2.1571957866105334 , 5.789316255680923 , -4.830813980322863 , -3.109806369604305 , 1
-3.904991318768647 , 9.32169201626193 , 2.2680202042825397 , -1.652924862613625 , 1
-2.4852534513402946 , 2.150803230827489 , 1.803052465509857 , 0.6538797376130144 , 1
1.4715829437680914 , 1.4490788531831504 , 1.621677219306203 , 2.4370398468708374 , 1
-0.12657881796175607 , 3.692378064436586 , -0.7810284139657577 , -2.227157923581198 , 1
-4.263327501933485 , 9.906242420127914 , 1.2405473345408904 , -2.3919963628951715 , 1
-1.4428929931060033 , -1.7693935158918566 , 6.813416681168121 , 0.5936277436081362 , 1
-2.559564846251909 , -7.115228423650252 , 13.672369962811356 , -0.2510205533089357 , 1
-3.601824715369121 , -4.575296311315685 , 11.536851867412157 , 0.7422723858823896 , 1
-0.895805032649331 , 4.935325461241083 , -0.3886303184864548 , 1.0703407544997345 , 1
-1.5949818926369552 , -5.446122739693463 , 9.832068402971132 , 1.0030088327110933 , 1
2.335292317492269 , 0.560100145462155 , 1.6649611302682519 , 2.2935933166963287 , 1
-1.5186775034743707 , -4.845508515881843 , 9.483685502012003 , 4.063864439350121 , 1
0.21268893840810632 , 1.6860187128946336 , 1.6664474448482212 , 2.1390670324796455 , 1
-0.2909428485990384 , 6.254273235546695 , -1.8841813820004807 , -1.347412623751595 , 1
1.9822735344375113 , 4.903730681799354 , -0.9496247706771962 , -1.2629570610375795 , 1
1.6362147759659496 , 0.9847802601003015 , 2.9434463157966797 , 3.3171409734219295 , 1
1.4897844064161228 , -7.212353596013616 , 9.49276161974169 , 3.087526197792984 , 1
0.5520144387849062 , -4.6391029758916815 , 7.418404914850923 , 1.9252354917363341 , 1
2.0216425049626165 , 1.0566081998330685 , 2.0083309763906665 , 2.06381033957776 , 1
1.9294182730877463 , 3.8446536975626273 , -2.111862334843602 , -0.678016074167612 , 1
-0.2036353987429489 , 2.798122149704378 , 1.5019566588764994 , 0.7694774443860579 , 1
-0.6394221129542053 , -9.170314173688048 , 12.618946415197748 , 2.1133568793630078 , 1
1.4947228339683303 , -4.528298319784395 , 7.236446661655244 , 3.8289338848937553 , 1
0.6512827045050207 , 4.955683237666129 , -2.7895711311870848 , -1.8465303805740811 , 1
-2.7196817233630823 , 5.397864778411246 , 0.24906353815881177 , -2.6936698605208766 , 1
0.031135872079923743 , 0.4094456377717566 , 3.9244083566386205 , 2.359664593222966 , 1
3.7650195425615887 , 3.083197205369926 , -2.943170986356316 , 0.7934492482306839 , 1
0.24193993871183272 , -5.274465841398829 , 5.625791535337496 , 2.857798481667955 , 1
2.2378798073056507 , 5.815046666655621 , -2.8388260407650154 , -5.095049782370584 , 1
-5.6193571395894555 , 10.330925642538702 , 1.4613215182636088 , -2.920675242421744 , 1
-2.4641699350673436 , 1.9653594393303475 , 1.8717757639730261 , 1.6345295234305222 , 1
1.5282550977853107 , 2.685702783803908 , -1.8335420483989706 , 1.9918775630680217 , 1
-1.6448272699074247 , 4.144905118025671 , 1.5608308331875809 , -2.657318505664336 , 1
-4.357628788470935 , 8.62088067979967 , 2.0084563845336456 , -2.704212360690674 , 1
-4.0868569720926615 , 4.23575069883608 , 1.2351433050206615 , 1.1951899998711548 , 1
0.5542244275037207 , 3.1194261363311275 , -0.517920285612405 , 2.5006763852894442 , 1
-0.44245596339366156 , 2.4359202314990727 , 1.9627074083178337 , 1.0176248903104432 , 1
-0.8515040419964082 , 3.038334389186823 , 0.6133941254445439 , 0.058750263871420794 , 1
-1.3476147424278544 , -0.4748128739050319 , 4.849422361298896 , 2.1314175891630054 , 1
-4.588683479388075 , -3.9983396683900194 , 11.84799351355597 , 1.3979820418390125 , 1
2.4646795582391476 , 2.0535334646346133 , 1.3105604516323468 , 0.7520598658754467 , 1
0.6328972470674232 , 0.6230955649570542 , 4.756085192027631 , 1.787459255178486 , 1
-0.5119068942499831 , 1.968960907619568 , 3.4827640850710924 , 3.7710412108035354 , 1
-0.317278311871247 , 5.620925182795531 , 1.029660678783224 , -2.240544754897213 , 1
1.1674464586153017 , 0.5229767423987279 , 0.8361492330951317 , 1.041355702442502 , 1
1.1626131636912374 , -6.147227634983188 , 7.950212984310035 , 2.509663513275553 , 1
1.2888862960509733 , -0.007916165272432885 , 0.22231213528167493 , 1.894549712065975 , 1
-0.4761938629961001 , 4.852673455189506 , -1.0328261402622347 , -1.4594950431945781 , 1
-4.947807929158698 , 8.648877901042969 , 1.7613745278739994 , -6.434204041284264 , 1
0.3253191694355335 , 0.5114497093810986 , 3.1201898360858413 , 1.5816921884112616 , 1
0.5299637834032831 , -6.093539358651558 , 5.933033019579137 , 0.6363007811602475 , 1
-3.6275051906136446 , 6.213637182288027 , 1.4141148911513644 , -2.5752400126496706 , 1
0.39340974479774093 , 0.236542324948388 , 4.2434401900035885 , 0.3989941012518079 , 1
-1.3777693945188694 , -6.571220261840726 , 8.137472183420302 , -0.0006929150547948515 , 1
-1.8041420343766643 , -10.14414065140835 , 11.91295475083006 , -0.44275096493719657 , 1
2.409052051580689 , -2.2105194594241215 , 3.479815806583738 , 3.206946683954333 , 1
2.8511492328834604 , 4.753875409648599 , -3.366421881995292 , -1.995363313112644 , 1
-2.4043595078889664 , 0.01065851111003091 , 3.7665885858269985 , 1.9406564130182686 , 1
3.4948792932119153 , 2.047733460189349 , -1.3874775430162742 , 2.6339010689779965 , 1
3.3138160947902864 , 6.216007277424675 , -2.1653648610353238 , 0.3409247288364785 , 1
2.6454126116886236 , 7.413174600536241 , -2.985536055029256 , -3.9229964569142135 , 1
-0.6287277907083828 , 2.6262191176499807 , 3.6818780170676675 , 1.2329257830087306 , 1
-1.5028361392415197 , 2.408010155706803 , 0.8590546391709499 , 1.255528462500755 , 1
1.580105976841013 , 2.1238525336723657 , 0.26868121345086093 , -1.1706980249785381 , 1
-1.1982164080252362 , 3.5647534144001045 , 2.1057475432160455 , -1.270859460054885 , 1
-2.763113870458623 , -5.043774282386594 , 13.182569105782662 , 1.5320590112731347 , 1
-1.584653343154657 , 5.2681376985825485 , 2.837297258677379 , 0.1072673025049582 , 1
0.32960756125791724 , 3.696693056410778 , 0.13404919155540762 , 1.4939686115775865 , 1
-3.418837804842095 , -12.739197813037675 , 17.685417031078003 , -1.6405614173885998 , 1
-1.4596206563957868 , -7.491465159310121 , 14.434076714801833 , 0.36075542926735116 , 1
-1.7959587106859503 , -0.5215246064630815 , 4.940101642367131 , 1.7449165882608098 , 1
-1.2987255041944323 , 4.676418609894385 , 0.6187078994001824 , -2.5893001197180823 , 1
0.8184597442116588 , 0.08557246528263618 , 3.002806951986773 , 1.5642316675693562 , 1
-1.414157264512907 , -6.442156243675706 , 9.632235206666373 , 3.425165258950681 , 1
-1.959473744110559 , -7.171623419546936 , 10.629294232881376 , 2.2695160501639515 , 1
1.4034872862807846 , 4.832046796746101 , -0.8024958985872765 , -2.338572816119 , 1
-3.96785267400262 , 9.022148582645386 , 2.992417525819626 , -5.873793808352617 , 1
-0.2705859724614066 , 5.372545345232766 , -0.49527391364739193 , -1.3083165919905313 , 1
-0.826139044077213 , 1.3798361718721885 , 2.5916968496496264 , 1.3799794955743576 , 1
-3.6500358679248253 , -11.366762880653262 , 14.468463518755524 , -1.10431679995243 , 1
0.7610320803697417 , -5.933357967375773 , 6.880885176157799 , 2.424822994671355 , 1
1.7555009094691 , 5.361778866812767 , -3.597622165982579 , -2.8030861637870035 , 1
-2.533842742654091 , 5.360282264385916 , -0.5501938498218534 , -5.131666982874611 , 1
-1.187616656540123 , -6.783420017360016 , 8.095526659237837 , -0.33010214693005346 , 1
-2.213315500147772 , -9.046220968644723 , 9.131480636847263 , -1.3021440674357256 , 1
-0.6517009929947785 , -1.4896632392235234 , 4.058820937279271 , 1.6333215079131418 , 1
0.6800850409335814 , 2.16896627306761 , -0.8549241135927723 , 2.890408577646658 , 1
-4.605887535602774 , 9.080645664857563 , 2.1048850630861606 , -7.006317015079977 , 1
-2.062509843558893 , 2.818872275829179 , 2.635437128843712 , 1.36076589244695 , 1
-2.6987202549591123 , -5.675559924700144 , 6.096485906869432 , 1.8209113751010704 , 1
3.077922335311797 , 1.390482157605061 , -1.5291020636798307 , 3.073267433023976 , 1
2.898192720362432 , 5.089107506807204 , -1.8127028531833265 , 0.21608525896782815 , 1
-5.743443049797648 , 10.205575936507373 , 1.512806121047611 , -4.4366453903117495 , 1
-0.3312367580399207 , -0.15691177737815032 , 0.3313550027327261 , 0.46394120216437285 , 1
2.5227456451248007 , 2.538195307380735 , -2.5544789081370354 , 1.402954563573993 , 1
0.6664679479805719 , 3.7736831547667222 , -3.2145219800377776 , -1.0612304550298752 , 1
0.3081683232466803 , 5.8234717795648505 , -3.377957022256008 , -2.481714290538087 , 1
1.0275544124652676 , 3.237012416293005 , -0.5699840771199751 , 0.7331931923953716 , 1
-0.7482197220340399 , 2.931492184983414 , -0.2872050066110967 , -0.23508009802207863 , 1
-2.097589935410095 , 4.557865178905072 , 0.5988306468461347 , 0.4522183048017854 , 1
-2.1532109893240055 , -0.5583692178021485 , 3.388215191731853 , 2.4641372452609085 , 1
-2.2376815275374886 , -4.014246550327858 , 10.614563830650333 , -0.3282941793240529 , 1
-3.505054751745615 , -2.9668188889286222 , 11.814023851882878 , 1.7415922300909692 , 1
0.8506358284259834 , 2.5930703075082033 , -0.6527932946783411 , -0.25845982498472875 , 1
-0.1862518181413777 , -1.742787100912206 , 9.039118132996782 , 0.7283533784936543 , 1
-2.1431633305052085 , 1.1269322842365845 , 4.173003396057655 , 1.8859048204149769 , 1
-4.248837778456512 , -10.44866521449378 , 15.706105473465755 , 1.0999323317994425 , 1
-1.2990546843426722 , -5.706847675807886 , 11.280073548998741 , 2.572419692919963 , 1
-1.323438783073611 , 2.16485794859328 , 3.8472512821254927 , 1.6734857521930695 , 1
-0.9439473705012462 , 4.539349566216125 , -0.6916890571186463 , -2.149163442851343 , 1
-0.4953676651149179 , 2.5386091819733316 , 0.21902526750918216 , 0.5851576794675055 , 1
-0.5589220242036497 , -5.114119469341682 , 6.755840876978276 , 1.0262481681618694 , 1
-0.6739498336924106 , 4.9107699162899765 , -1.8901991032592997 , -2.8579006090652204 , 1
-0.7448749082214938 , -0.5728686463958483 , 4.606654010686421 , 0.8809328261861353 , 1
-0.4676835472034473 , -5.192481023925376 , 6.62946005120712 , 0.5802915665475699 , 1
2.134096053740163 , 1.3310118548349372 , 1.5303435946919999 , 1.705390352032138 , 1
-1.1586499657207123 , -8.644447953232232 , 9.407219593420932 , -1.338658405923857 , 1
1.5355319789653623 , 0.5014049860088633 , -0.593080000767011 , 1.279664899788862 , 1
-1.450792154278882 , 3.6462221858951946 , 1.3089979444702609 , 0.06504420569582381 , 1
0.6397921565996509 , -1.9283340363035917 , 0.4382176421512659 , 1.8906708183209067 , 1
2.367089816252871 , 3.827362832535953 , -0.7292043881991734 , -0.1461894065547863 , 1
-4.925756644704308 , 12.04488083429569 , 0.6181589789161158 , -3.8083079632887515 , 1
-3.304646047979296 , 4.332857927004653 , 3.1349172061075583 , -1.2712971504467234 , 1
-3.111007677170856 , 2.378394921174552 , 3.6244560880539067 , 2.4554511218599435 , 1
0.5358010969981777 , 0.5073799422233798 , -0.6087132133602629 , -0.6452857075445788 , 1
0.6669207239438029 , 5.343758548461754 , -1.5272243783820982 , 1.0330458033542627 , 1
-0.5148385961601362 , 4.788933761806988 , -2.0239256866795365 , -1.1116076280946807 , 1
-1.0632268683891675 , 3.1034132703796242 , 2.0910860372807667 , -1.010938546215732 , 1
-1.7506458133899483 , -0.6406987903505923 , 3.878618857951497 , 0.7006432477894748 , 1
-2.3897988493623936 , -5.0368301439567436 , 12.880484454530578 , 1.3551433340267458 , 1
-1.3122658056570966 , 4.42770266693025 , 1.4233105015860301 , -1.5392523412284804 , 1
1.380315670835118 , 1.7935582547698548 , -1.1628673902772628 , -0.2899287727858486 , 1
-1.434318247769614 , -3.584239981471667 , 6.27118879791556 , 0.21695121866610412 , 1
-3.6799657682126368 , -9.898521766321526 , 17.33882011254879 , -0.9749590112638611 , 1
-3.514134111737314 , -7.751579079816816 , 11.886856921995815 , -1.439682175175953 , 1
-1.9595473439498887 , 1.7627933003953977 , 4.819244898069348 , 1.5942183362229139 , 1
1.9968078447382953 , 2.131821250971722 , 2.6982787231232956 , 1.406280115530461 , 1
-1.4950049278032758 , -7.178307373427992 , 10.111522032103945 , 2.0467967989670357 , 1
0.9516474256499223 , 3.63659370463335 , 0.7057387297453017 , -1.3238672817165615 , 1
2.2451305034202935 , 0.8187057628343825 , 1.348057690504037 , 0.24036093105017087 , 1
0.11120512263180304 , -5.712010876960376 , 6.692652467369305 , 0.88154669184938 , 1
-0.43125640415054667 , -7.134662735682677 , 12.509795467041801 , 1.3629793835168529 , 1
0.8080116031997227 , -5.544220208693832 , 6.050078624416816 , 1.4279150676076866 , 1
2.171768328104822 , 2.0295783035034924 , 0.42466005123551287 , 2.460481134749739 , 1
-3.7425671116928134 , 6.701645780575047 , 3.253786834176147 , -4.764123598321754 , 1
1.6052950691561771 , 0.3199242864370495 , 5.09654923666238 , 2.928983318471205 , 1
1.1964487438963136 , -8.413673779516003 , 11.428608477876638 , 2.4270635494809922 , 1
2.2167724413818415 , 0.3877720175485895 , 1.455977078828771 , 2.2556549332272877 , 1
2.518499971616027 , 5.631915225067235 , -4.433330268939624 , -2.288083268257746 , 1
1.8776728492180546 , -5.561057300004327 , 5.552587910200081 , 1.7353768636035907 , 1
-2.8629767314694807 , 11.649403047240664 , 2.0641197122169306 , -5.883673342401066 , 1
-0.7839791249560202 , 0.8434274306243985 , 2.0672498094522154 , 2.3719685080993256 , 1
3.68837846058186 , 2.2683417501179943 , -1.323872464029772 , 1.5293123382128753 , 1
2.0724698894195708 , 6.064690185796746 , -3.486437808852688 , 0.4912585954319333 , 1
2.338400634372058 , 4.9099186460467745 , -1.543675394153495 , -2.488803835692458 , 1
-1.6657890556210742 , 1.3697866322748224 , 2.120911155102344 , 2.421558258632127 , 1
1.5442639168652876 , 0.3802862609079709 , 1.8038481252321596 , 1.1525305513422004 , 1
2.895501991179591 , 4.343546942508123 , -0.5698133911674024 , 0.9227663075882448 , 1
1.345984089092707 , 2.9195816993496733 , -2.0816059763556534 , 0.3462857224014919 , 1
-0.5217705631562781 , -1.3251042073679833 , 3.748760411655954 , 1.2029181313549104 , 1
-0.21250893891883482 , -6.386290427146703 , 11.036587271793989 , 1.6909620850640503 , 1
-1.7469223750043654 , -5.05822477910742 , 10.950603070897817 , 2.3530533924779458 , 1
-0.3633381644088365 , 4.675288049281655 , 1.014970321543562 , 0.5024676147698353 , 1
-2.628694214376483 , -10.835136654386957 , 19.771718448516634 , 0.0859220276604753 , 1
-1.4887033509652525 , 2.1534822790780934 , 4.121501771123887 , 3.122167882376078 , 1
